Output of the array before Thinning:
                                                                                
                                            1 1 1 1 1 1 1 1 1 1                 
                                            1 1 1 1 1 1 1 1 1 1 1               
                                            1 1 1 1 1 1 1 1 1 1 1 1             
                    1                       1 1 1 1 1 1 1 1 1 1 1 1 1           
                  1 1 1                     1 1 1 1 1 1 1 1 1 1 1 1 1 1         
                1 1 1 1 1                   1 1 1 1 1 1 1 1 1 1 1 1 1 1 1       
              1 1 1 1 1 1 1                 1 1 1 1 1 1 1 1 1 1 1 1 1 1 1 1     
            1 1 1 1 1 1 1 1 1               1 1 1 1 1 1 1 1 1 1 1 1 1 1 1 1 1   
          1 1 1 1 1 1 1 1 1 1 1                         1 1 1 1 1 1 1 1 1 1 1 1 
        1 1 1 1 1 1 1 1 1 1 1 1 1                     1 1 1 1 1 1 1 1 1 1 1 1   
      1 1 1 1 1 1 1 1 1 1 1 1 1 1 1                 1 1 1 1 1 1 1 1 1 1 1 1     
    1 1 1 1 1 1 1 1 1 1 1 1 1 1 1 1 1             1 1 1 1 1 1 1 1 1 1 1 1       
    1 1 1 1 1 1 1 1 1 1 1 1 1 1 1 1 1           1 1 1 1 1 1 1 1 1 1 1 1         
    1 1 1 1 1 1 1 1 1 1 1 1 1 1 1 1 1         1 1 1 1 1 1 1 1 1 1 1             
    1 1 1 1 1 1 1 1 1 1 1 1 1 1 1 1 1       1 1 1 1 1 1 1 1 1 1 1               
    1 1 1 1 1 1 1 1 1 1 1 1 1 1 1 1 1       1 1 1 1 1 1 1 1 1 1                 
    1 1 1 1 1 1 1 1 1 1 1 1 1 1 1 1 1       1 1 1 1 1 1 1 1 1                   
                      1 1 1 1 1 1 1 1                                           
                    1 1 1 1 1 1 1 1 1 1 1 1 1 1 1 1 1 1 1 1 1                   
                  1 1 1 1 1 1 1 1 1 1 1 1 1 1 1 1 1 1 1 1 1 1                   
                1 1 1 1 1 1 1 1 1 1 1 1 1 1 1 1 1 1 1 1 1 1 1                   
              1 1 1 1 1 1 1 1 1 1 1 1 1 1 1 1 1 1 1 1 1 1 1 1                   
            1 1 1 1 1 1 1 1 1 1 1 1 1 1 1 1 1 1 1 1 1 1 1 1 1                   
          1 1 1 1 1 1 1 1 1 1 1 1 1 1 1 1 1 1 1 1 1 1 1 1 1 1                   
        1 1 1 1 1 1 1 1 1 1 1 1 1 1 1 1 1 1 1 1 1 1 1 1 1 1 1                   
      1 1 1 1 1 1 1 1 1 1 1 1 1 1 1 1                                           
      1 1 1 1 1 1 1 1 1 1 1 1 1 1 1 1                                           
      1 1 1 1 1 1 1 1 1 1 1 1 1 1 1 1                                           
                                                                                


Result of Thinning: Cycle #1
                                                                                
                                            1                                   
                                              1 1 1 1 1 1 1 1                   
                                              1 1 1 1 1 1 1 1 1                 
                    1                         1 1 1 1 1 1 1 1 1 1               
                    1                         1 1 1 1 1 1 1 1 1 1 1             
                    1                         1 1 1 1 1 1 1 1 1 1 1 1           
                  1 1 1                       1 1 1 1 1 1 1 1 1 1 1 1 1         
                1 1 1 1 1                   1             1 1 1 1 1 1 1 1       
              1 1 1 1 1 1 1                               1 1 1 1 1 1 1 1 1 1 1 
            1 1 1 1 1 1 1 1 1                             1 1 1 1 1 1 1 1       
          1 1 1 1 1 1 1 1 1 1 1                         1 1 1 1 1 1 1 1         
        1 1 1 1 1 1 1 1 1 1 1 1 1                     1 1 1 1 1 1 1 1           
      1 1 1 1 1 1 1 1 1 1 1 1 1 1 1                 1 1 1 1 1 1 1               
      1 1 1 1 1 1 1 1 1 1 1 1 1 1 1               1 1 1 1 1 1 1                 
      1 1 1 1 1 1 1 1 1 1 1 1 1 1 1             1 1 1 1 1 1 1                   
      1 1 1 1 1 1 1 1 1 1 1 1 1 1 1         1 1 1 1 1 1 1 1                     
    1                   1 1 1 1 1 1         1                                   
                        1 1 1 1 1 1                                             
                        1 1 1 1 1 1                         1                   
                      1 1 1 1 1 1 1 1 1 1 1 1 1 1 1 1 1 1 1                     
                    1 1 1 1 1 1 1 1 1 1 1 1 1 1 1 1 1 1 1 1                     
                  1 1 1 1 1 1 1 1 1 1 1 1 1 1 1 1 1 1 1 1 1                     
                1 1 1 1 1 1 1 1 1 1 1 1 1 1 1 1 1 1 1 1 1 1                     
              1 1 1 1 1 1 1 1 1 1 1 1 1 1 1 1 1 1 1 1 1 1 1                     
            1 1 1 1 1 1 1 1 1 1 1 1                         1                   
          1 1 1 1 1 1 1 1 1 1 1 1 1                                             
      1 1 1 1 1 1 1 1 1 1 1 1 1 1 1                                             
      1                             1                                           
                                                                                


Result of Thinning: Cycle #2
                                                                                
                                            1                                   
                                              1                                 
                                                1 1 1 1 1 1                     
                    1                           1 1 1 1 1 1 1                   
                    1                           1 1 1 1 1 1 1 1                 
                    1                           1 1 1 1 1 1 1 1 1               
                    1                         1             1 1 1 1             
                    1                       1               1 1 1 1 1           
                  1 1 1                                     1 1 1 1 1 1 1 1 1 1 
                1 1 1 1 1                                   1 1 1 1 1           
              1 1 1 1 1 1 1                                 1 1 1 1             
            1 1 1 1 1 1 1 1 1                             1 1 1                 
          1 1 1 1 1 1 1 1 1 1 1                         1 1 1                   
        1 1 1 1 1 1 1 1 1 1 1 1 1                     1 1 1                     
        1 1 1 1 1 1 1 1 1 1 1 1 1                 1 1 1 1                       
      1                   1 1 1 1           1 1 1                               
    1                     1 1 1 1           1                                   
                          1 1 1 1                                               
                          1 1 1 1                           1                   
                          1 1 1 1                         1                     
                        1 1 1 1 1 1 1 1 1 1 1 1 1 1 1 1 1                       
                      1 1 1 1 1 1 1 1 1 1 1 1 1 1 1 1 1 1                       
                    1 1 1 1 1 1 1 1 1 1 1 1 1 1 1 1 1 1 1                       
                  1 1 1 1 1 1 1 1                         1                     
                1 1 1 1 1 1 1 1 1                           1                   
            1 1 1 1 1 1 1 1 1 1 1                                               
      1 1 1                       1                                             
      1                             1                                           
                                                                                


Result of Thinning: Cycle #3
                                                                                
                                            1                                   
                                              1                                 
                                                1                               
                    1                             1 1 1 1                       
                    1                             1 1 1 1 1 1                   
                    1                           1             1                 
                    1                         1               1                 
                    1                       1                 1 1               
                    1                                         1 1 1 1 1 1 1 1 1 
                    1                                         1 1               
                  1 1 1                                       1                 
                1 1 1 1 1                                   1                   
              1 1 1 1 1 1 1                               1                     
          1 1 1 1 1 1 1 1 1 1                           1                       
        1                   1 1                   1 1 1 1                       
      1                     1 1             1 1 1                               
    1                       1 1             1                                   
                            1 1                                                 
                            1 1                             1                   
                            1 1                           1                     
                            1 1                         1                       
                          1 1 1 1 1 1 1 1 1 1 1 1 1 1 1                         
                        1 1 1 1                         1                       
                      1 1 1 1 1                           1                     
                  1 1 1 1 1 1 1                             1                   
            1 1 1               1                                               
      1 1 1                       1                                             
      1                             1                                           
                                                                                


Result of Thinning: Cycle #4
                                                                                
                                            1                                   
                                              1                                 
                                                1                               
                    1                             1                             
                    1                             1 1 1 1 1 1                   
                    1                           1             1                 
                    1                         1               1                 
                    1                       1                 1                 
                    1                                           1 1 1 1 1 1 1 1 
                    1                                         1                 
                    1                                         1                 
                    1                                       1                   
                1 1 1 1 1                                 1                     
          1 1 1           1                             1                       
        1                   1                     1 1 1 1                       
      1                       1             1 1 1                               
    1                         1             1                                   
                              1                                                 
                              1                             1                   
                              1                           1                     
                              1                         1                       
                              1 1 1 1 1 1 1 1 1 1 1 1 1                         
                            1                           1                       
                        1 1 1                             1                     
                  1 1 1       1                             1                   
            1 1 1               1                                               
      1 1 1                       1                                             
      1                             1                                           
                                                                                


Result of Thinning: Cycle #5
                                                                                
                                            1                                   
                                              1                                 
                                                1                               
                    1                             1                             
                    1                             1 1 1 1 1 1                   
                    1                           1             1                 
                    1                         1               1                 
                    1                       1                 1                 
                    1                                           1 1 1 1 1 1 1 1 
                    1                                         1                 
                    1                                         1                 
                    1                                       1                   
                1 1 1 1 1                                 1                     
          1 1 1           1                             1                       
        1                   1                     1 1 1 1                       
      1                       1             1 1 1                               
    1                         1             1                                   
                              1                                                 
                              1                             1                   
                              1                           1                     
                              1                         1                       
                              1 1 1 1 1 1 1 1 1 1 1 1 1                         
                            1                           1                       
                        1 1 1                             1                     
                  1 1 1       1                             1                   
            1 1 1               1                                               
      1 1 1                       1                                             
      1                             1                                           
                                                                                

